5.2538  37.0746  638.165
5.51223  28.869  473.208
5.90648  33.4249  542.09
5.45106  32.1595  530.915
4.85175  49.0017  874.497
5.2111  40.7169  714.046
5.16763  29.7073  487.48
4.73969  35.7199  618.68
5.62528  27.4882  433.683
5.52607  22.0692  332.65
5.05604  21.0218  327.732
4.92395  19.5209  292.213
5.16844  52.1767  937.491
5.13173  41.0565  728.549
4.83908  12.6245  152.523
4.85745  11.9593  149.598
4.80013  32.0418  542.565
4.35283  53.8114  996.18
4.86727  11.7901  136.069
4.87281  47.1931  837.041
5.47239  32.063  522.127
5.32989  23.0047  360.455
5.4181  55.2061  996.113
4.74608  43.1801  765.286
5.03315  54.7294  995.622
5.91599  12.5069  136.207
5.2295  38.9449  677.208
5.36548  39.2253  685.113
5.44088  48.6243  862.826
4.39372  40.2224  718.123
5.73896  38.5731  655.045
5.63794  20.7924  302.056
4.86484  44.1459  783.225
4.63312  14.7197  206.579
5.85665  41.6699  719.346
4.74234  53.9647  985.823
5.08671  26.1545  421.264
5.57951  52.1775  943.22
5.76061  36.6335  608.438
5.4305  6.41566  18.802
4.26454  43.9932  804.755
4.66698  11.1388  128.429
5.60022  42.2267  736.684
5.14342  29.278  491.722
4.97005  27.4441  447.622
4.84044  9.68716  92.7853
5.25494  47.2861  842.41
5.55919  47.2094  841.539
4.83241  39.3231  704.891
5.35589  22.3744  333.609
5.01844  43.9375  771.228
4.79259  23.2501  375.238
5.33483  11.3779  113.638
4.35871  45.2071  824.014
5.64823  34.4443  574.478
5.23449  7.0074  36.0888
5.76248  21.2964  318.109
4.45113  12.2558  146.027
5.2908  48.0259  848.428
4.78698  24.3458  398.514
4.82813  40.2299  718.659
5.24039  11.3384  121.782
4.92673  49.6719  896.737
5.7229  54.5268  969.935
5.18668  43.4498  768.23
4.56381  47.6227  849.264
3.82587  22.8417  385.154
4.61351  10.7587  117.693
5.39261  23.0372  354.713
4.71513  34.4435  597.417
4.72673  5.60549  16.5803
4.82434  53.8791  981.845
4.32951  39.5763  707.01
5.01812  53.2194  963.103
4.50633  35.2118  606.94
5.20483  19.7778  294.572
4.50676  17.5527  257.009
4.99476  38.2696  665.271
5.63144  11.4344  114.902
4.44099  24.451  411.086
4.89448  18.8043  283.791
4.86837  31.4982  532.895
5.02867  29.0243  479.806
4.96904  8.04461  65.683
4.57934  25.8152  427.063
5.27971  30.5356  504.652
4.85932  24.345  391.818
5.40757  35.2234  602.37
5.68378  40.6873  696.844
5.04251  48.1795  859.898
5.07616  32.4894  559.585
5.51291  42.3297  734.58
4.96143  24.4168  385.582
5.46743  49.8009  888.039
4.4231  37.9573  674.391
4.81908  9.70705  100.475
5.80102  15.0156  181.561
5.27553  13.6821  161.52
4.84187  19.0808  283.651
4.95204  30.9708  515.36
4.84159  27.0167  436.444
4.414  12.3133  151.412
4.73844  22.5747  352.968
4.83683  12.6228  156.896
4.49683  12.4307  164.123
4.33003  12.6459  171.989
5.29127  24.9975  399.081
4.52818  22.6854  363.594
5.25602  33.7134  567.984
5.10678  16.0846  220.938
4.68872  45.1773  818.111
5.64724  31.8856  531.202
4.88795  51.4362  938.875
5.95051  27.8077  431.703
5.6128  38.179  652.664
4.29283  42.0725  756.315
5.21002  41.3996  736.469
5.01004  19.9851  290.129
5.13976  35.5887  613.038
4.46607  51.9457  947.842
4.89488  31.6875  537.072
5.21112  26.7106  423.118
